1 890 1 979 2 367 0
2 748 0 766 2 123 3
2 633 1 656 0 821 2
1 874 1 962 2 27 2
1 892 0 726 2 670 1
2 37 2 20 1 710 2
1 185 1 919 3 378 3
2 551 2 64 1 247 2
1 626 0 290 2 544 1
2 566 2 938 0 736 2
2 798 0 185 0 189 1
2 919 0 118 2 586 2
1 185 0 224 0 468 2
1 365 3 983 3 310 1
2 398 3 981 1 383 2
2 924 3 40 3 8 2
1 946 1 562 0 253 2
1 74 0 274 3 240 2
1 902 3 610 0 819 3
2 554 1 86 3 437 2
1 445 1 340 3 330 2
2 935 0 819 1 749 2
1 989 0 875 3 939 1
2 758 0 97 1 241 3
1 678 2 818 3 299 3
2 629 1 94 0 158 2
1 907 0 78 0 416 1
2 355 2 34 2 570 3
2 164 3 275 2 977 1
1 628 0 241 1 722 3
2 880 1 803 3 609 2
2 377 3 526 1 330 0
2 252 0 682 0 711 1
2 40 2 633 0 63 2
2 785 1 802 1 811 2
1 772 0 895 2 379 1
2 709 1 786 2 729 0
1 792 1 341 0 235 2
1 298 0 129 3 410 0
1 221 2 960 1 434 3
2 813 0 730 3 666 0
2 395 0 919 0 817 1
1 53 3 225 3 788 2
2 198 2 591 3 232 0
1 18 3 260 0 388 2
2 54 3 600 1 195 3
2 13 0 66 2 72 3
2 860 1 908 2 988 0
2 572 0 945 3 163 1
2 903 0 186 1 407 2
2 954 1 804 3 790 2
2 862 1 859 2 863 3
1 203 3 665 3 23 2
1 539 0 493 2 716 3
1 123 1 863 1 827 3
2 969 2 486 3 107 1
2 970 1 741 1 84 2
2 460 0 667 3 888 1
2 604 0 193 3 66 0
2 245 0 258 2 670 0
2 777 2 6 0 907 3
2 343 1 574 3 225 2
1 114 3 300 2 355 1
1 773 2 11 2 34 1
1 890 1 979 2 367 0
2 748 0 766 2 123 3
2 633 1 656 0 821 2
1 874 1 962 2 27 2
1 892 0 726 2 670 1
2 37 2 20 1 710 2
1 185 1 919 3 378 3
2 551 2 64 1 247 2
1 626 0 290 2 544 1
2 566 2 938 0 736 2
2 798 0 185 0 189 1
2 919 0 118 2 586 2
1 185 0 224 0 468 2
1 365 3 983 3 310 1
2 398 3 981 1 383 2
2 924 3 40 3 8 2
1 946 1 562 0 253 2
1 74 0 274 3 240 2
1 902 3 610 0 819 3
2 554 1 86 3 437 2
1 445 1 340 3 330 2
2 935 0 819 1 749 2
1 989 0 875 3 939 1
2 758 0 97 1 241 3
1 678 2 818 3 299 3
2 629 1 94 0 158 2
1 907 0 78 0 416 1
2 355 2 34 2 570 3
2 164 3 275 2 977 1
1 628 0 241 1 722 3
2 880 1 803 3 609 2
-1 377 3 526 1 330 0
