2 396 0 970 3 685 3
1 957 0 282 2 124 1
2 308 0 686 0 87 2
1 174 2 910 2 751 1
2 855 3 262 3 712 0
1 397 3 791 2 68 1
2 544 2 560 0 742 2
2 181 0 691 3 86 2
1 189 3 45 0 323 0
1 387 0 998 0 80 1
2 500 2 620 0 617 0
2 711 2 62 1 2 1
1 441 3 866 2 851 0
2 174 0 83 1 168 1
2 600 3 244 0 85 0
2 54 0 394 2 526 0
2 881 1 611 2 325 2
1 528 2 739 2 370 2
2 890 0 16 3 127 1
2 564 1 440 3 226 2
2 104 2 396 1 260 3
2 937 1 20 1 931 3
2 301 2 486 0 838 2
2 965 3 330 1 649 3
1 227 1 885 3 656 1
2 268 1 32 1 478 0
1 762 0 893 3 98 3
2 288 1 346 1 757 1
1 406 0 987 1 813 0
1 821 2 689 1 851 2
1 329 2 20 3 642 1
2 740 0 170 0 582 1
2 339 2 472 1 402 3
1 215 3 102 1 893 0
1 744 2 477 2 992 1
2 987 3 80 3 759 3
1 693 0 445 0 18 1
2 420 0 267 3 764 2
1 657 2 207 2 28 0
1 372 1 401 3 648 2
2 408 1 603 1 205 0
1 223 2 671 3 46 3
1 810 1 359 0 823 2
1 203 2 754 3 487 3
2 136 1 782 0 74 1
2 279 1 539 2 751 3
2 150 2 832 0 163 3
1 338 1 706 1 63 0
1 550 0 459 2 309 1
1 736 2 284 3 764 3
2 396 0 970 3 685 3
1 957 0 282 2 124 1
2 308 0 686 0 87 2
1 174 2 910 2 751 1
2 855 3 262 3 712 0
1 397 3 791 2 68 1
2 544 2 560 0 742 2
2 181 0 691 3 86 2
1 189 3 45 0 323 0
1 387 0 998 0 80 1
2 500 2 620 0 617 0
2 711 2 62 1 2 1
1 441 3 866 2 851 0
2 174 0 83 1 168 1
2 600 3 244 0 85 0
2 54 0 394 2 526 0
2 881 1 611 2 325 2
1 528 2 739 2 370 2
2 890 0 16 3 127 1
2 564 1 440 3 226 2
2 104 2 396 1 260 3
2 937 1 20 1 931 3
2 301 2 486 0 838 2
2 965 3 330 1 649 3
1 227 1 885 3 656 1
2 268 1 32 1 478 0
1 762 0 893 3 98 3
2 288 1 346 1 757 1
1 406 0 987 1 813 0
1 821 2 689 1 851 2
1 329 2 20 3 642 1
2 740 0 170 0 582 1
2 339 2 472 1 402 3
1 215 3 102 1 893 0
1 744 2 477 2 992 1
2 987 3 80 3 759 3
1 693 0 445 0 18 1
2 420 0 267 3 764 2
1 657 2 207 2 28 0
1 372 1 401 3 648 2
2 408 1 603 1 205 0
1 223 2 671 3 46 3
1 810 1 359 0 823 2
1 203 2 754 3 487 3
2 136 1 782 0 74 1
2 279 1 539 2 751 3
2 150 2 832 0 163 3
1 338 1 706 1 63 0
1 550 0 459 2 309 1
1 736 2 284 3 764 3
2 396 0 970 3 685 3
1 957 0 282 2 124 1
2 308 0 686 0 87 2
1 174 2 910 2 751 1
2 855 3 262 3 712 0
1 397 3 791 2 68 1
2 544 2 560 0 742 2
2 181 0 691 3 86 2
1 189 3 45 0 323 0
1 387 0 998 0 80 1
2 500 2 620 0 617 0
2 711 2 62 1 2 1
1 441 3 866 2 851 0
2 174 0 83 1 168 1
2 600 3 244 0 85 0
2 54 0 394 2 526 0
2 881 1 611 2 325 2
1 528 2 739 2 370 2
2 890 0 16 3 127 1
2 564 1 440 3 226 2
2 104 2 396 1 260 3
2 937 1 20 1 931 3
2 301 2 486 0 838 2
2 965 3 330 1 649 3
1 227 1 885 3 656 1
2 268 1 32 1 478 0
1 762 0 893 3 98 3
2 288 1 346 1 757 1
1 406 0 987 1 813 0
1 821 2 689 1 851 2
1 329 2 20 3 642 1
2 740 0 170 0 582 1
2 339 2 472 1 402 3
1 215 3 102 1 893 0
1 744 2 477 2 992 1
2 987 3 80 3 759 3
1 693 0 445 0 18 1
2 420 0 267 3 764 2
1 657 2 207 2 28 0
1 372 1 401 3 648 2
2 408 1 603 1 205 0
1 223 2 671 3 46 3
1 810 1 359 0 823 2
1 203 2 754 3 487 3
2 136 1 782 0 74 1
2 279 1 539 2 751 3
2 150 2 832 0 163 3
1 338 1 706 1 63 0
1 550 0 459 2 309 1
1 736 2 284 3 764 3
1 867 2 71 1 240 3
1 755 2 110 1 259 1
1 322 1 807 1 301 2
2 963 0 846 3 190 2
1 954 1 640 2 396 0
2 636 3 169 0 470 0
2 81 1 528 0 134 3
2 788 1 540 3 517 2
1 60 0 220 2 878 1
1 274 1 380 2 948 1
1 418 1 548 0 38 0
1 173 3 237 1 68 1
1 938 0 218 2 736 2
1 966 3 905 0 280 1
2 229 2 861 3 776 1
2 814 1 459 3 248 0
1 317 2 68 3 694 2
2 782 1 321 1 728 2
2 361 3 844 2 106 2
2 234 3 145 0 305 0
1 905 1 744 2 831 1
2 525 3 786 3 176 0
1 257 2 750 2 254 2
1 360 0 853 2 824 2
1 481 3 86 2 608 3
2 439 0 142 0 447 1
2 624 1 384 1 779 2
2 33 0 115 1 789 0
2 965 3 38 2 274 0
1 234 3 497 1 655 0
2 103 1 316 3 14 0
1 145 2 867 3 971 2
1 760 2 968 1 621 2
2 895 2 59 1 142 1
1 797 1 495 0 174 0
2 540 0 347 1 755 2
1 726 0 493 2 851 1
2 472 3 790 0 301 1
2 795 2 4 1 11 3
2 537 3 881 1 232 0
2 987 3 331 1 695 0
2 898 1 522 3 808 0
2 462 1 644 1 328 0
1 691 0 752 1 867 1
1 451 1 773 2 712 1
2 408 1 814 2 975 0
2 783 0 176 1 570 1
2 250 1 409 1 673 1
1 893 2 181 0 64 2
2 776 3 694 0 749 1
2 724 1 928 3 550 1
2 472 2 664 2 99 1
2 773 3 538 2 733 3
1 797 1 201 2 789 0
1 890 1 657 2 954 2
2 856 3 634 0 673 2
1 772 0 418 1 959 0
2 44 3 278 2 700 3
1 841 3 582 3 836 0
2 791 2 875 3 925 1
1 598 0 82 2 884 0
1 843 0 183 3 835 1
2 888 1 553 1 724 0
2 561 0 510 0 258 1
2 535 3 735 1 407 2
2 291 2 475 2 831 3
2 18 0 511 2 821 0
1 898 0 801 3 632 3
2 242 1 922 1 648 2
1 407 0 118 2 202 1
1 385 0 965 0 781 0
1 954 1 650 0 797 3
2 782 3 234 0 868 1
1 516 3 64 3 699 2
2 901 0 213 3 84 2
2 217 3 57 0 252 0
1 401 3 744 3 330 2
1 198 3 10 2 6 2
2 57 1 666 3 89 3
1 173 2 993 3 417 2
2 669 2 643 2 678 3
1 8 2 814 3 557 0
2 916 2 319 1 563 1
1 652 1 882 2 627 3
2 44 2 484 1 444 3
2 122 3 93 3 937 3
1 494 3 371 2 686 2
1 249 0 20 2 949 3
1 928 2 1 0 464 1
2 909 0 876 3 183 2
1 472 1 908 3 665 0
2 703 2 817 0 54 2
1 355 1 990 3 279 3
2 96 0 348 1 145 1
1 680 3 255 1 480 3
1 497 3 553 0 470 3
2 876 1 63 0 62 2
2 693 1 827 1 578 3
1 75 0 887 3 707 2
1 540 1 84 1 805 2
2 396 0 970 3 685 3
1 957 0 282 2 124 1
2 308 0 686 0 87 2
1 174 2 910 2 751 1
2 855 3 262 3 712 0
1 397 3 791 2 68 1
2 544 2 560 0 742 2
2 181 0 691 3 86 2
1 189 3 45 0 323 0
1 387 0 998 0 80 1
2 500 2 620 0 617 0
2 711 2 62 1 2 1
1 441 3 866 2 851 0
2 174 0 83 1 168 1
2 600 3 244 0 85 0
2 54 0 394 2 526 0
2 881 1 611 2 325 2
1 528 2 739 2 370 2
2 890 0 16 3 127 1
2 564 1 440 3 226 2
2 104 2 396 1 260 3
2 937 1 20 1 931 3
2 301 2 486 0 838 2
2 965 3 330 1 649 3
1 227 1 885 3 656 1
2 268 1 32 1 478 0
1 762 0 893 3 98 3
2 288 1 346 1 757 1
1 406 0 987 1 813 0
1 821 2 689 1 851 2
1 329 2 20 3 642 1
2 740 0 170 0 582 1
2 339 2 472 1 402 3
1 215 3 102 1 893 0
1 744 2 477 2 992 1
2 987 3 80 3 759 3
1 693 0 445 0 18 1
2 420 0 267 3 764 2
1 657 2 207 2 28 0
1 372 1 401 3 648 2
2 408 1 603 1 205 0
1 223 2 671 3 46 3
1 810 1 359 0 823 2
1 203 2 754 3 487 3
2 136 1 782 0 74 1
2 279 1 539 2 751 3
2 150 2 832 0 163 3
1 338 1 706 1 63 0
1 550 0 459 2 309 1
1 736 2 284 3 764 3
1 627 1 95 3 978 2
2 40 0 307 1 18 2
2 948 1 21 3 174 0
1 881 2 95 1 764 3
2 921 1 753 0 234 0
2 212 2 843 0 979 2
1 997 0 565 1 57 2
1 231 3 154 1 305 1
1 69 1 401 2 950 2
1 185 2 646 1 417 1
1 748 3 396 1 387 1
1 444 3 66 0 802 0
2 108 2 435 1 603 1
1 553 3 762 2 50 0
1 819 1 898 3 296 2
1 683 3 410 0 210 0
1 13 0 705 1 870 0
1 473 1 874 3 377 1
2 427 1 13 2 999 3
2 647 1 181 3 868 3
2 79 3 23 0 467 0
2 690 0 919 3 902 2
1 279 3 716 2 180 1
1 531 1 173 3 254 2
1 123 1 25 2 68 0
1 535 0 915 1 700 2
2 954 0 987 1 763 3
2 296 1 3 3 834 0
1 88 2 220 3 883 1
2 951 1 115 3 477 2
1 530 1 157 0 549 1
1 665 0 65 1 41 1
1 875 1 851 0 832 3
2 715 1 997 3 370 0
1 200 3 922 2 64 0
1 965 1 636 2 185 2
2 579 3 788 2 720 3
1 904 2 2 0 787 3
2 158 3 849 2 310 3
1 374 3 654 0 836 3
1 22 1 970 1 468 2
2 540 1 882 1 163 0
2 951 3 760 1 698 1
2 9 0 259 3 288 1
2 476 0 454 2 253 0
2 73 2 563 2 283 1
2 798 1 180 1 916 0
1 614 1 381 3 281 0
2 569 2 842 2 518 0
1 772 0 52 1 606 3
2 396 0 970 3 685 3
1 957 0 282 2 124 1
2 308 0 686 0 87 2
1 174 2 910 2 751 1
2 855 3 262 3 712 0
1 397 3 791 2 68 1
2 544 2 560 0 742 2
2 181 0 691 3 86 2
1 189 3 45 0 323 0
1 387 0 998 0 80 1
2 500 2 620 0 617 0
2 711 2 62 1 2 1
1 441 3 866 2 851 0
2 174 0 83 1 168 1
2 600 3 244 0 85 0
2 54 0 394 2 526 0
2 881 1 611 2 325 2
1 528 2 739 2 370 2
2 890 0 16 3 127 1
2 564 1 440 3 226 2
2 104 2 396 1 260 3
2 937 1 20 1 931 3
2 301 2 486 0 838 2
2 965 3 330 1 649 3
1 227 1 885 3 656 1
2 268 1 32 1 478 0
1 762 0 893 3 98 3
2 288 1 346 1 757 1
1 406 0 987 1 813 0
1 821 2 689 1 851 2
1 329 2 20 3 642 1
2 740 0 170 0 582 1
2 339 2 472 1 402 3
1 215 3 102 1 893 0
1 744 2 477 2 992 1
2 987 3 80 3 759 3
1 693 0 445 0 18 1
2 420 0 267 3 764 2
1 657 2 207 2 28 0
1 372 1 401 3 648 2
2 408 1 603 1 205 0
1 223 2 671 3 46 3
1 810 1 359 0 823 2
1 203 2 754 3 487 3
2 136 1 782 0 74 1
2 279 1 539 2 751 3
2 150 2 832 0 163 3
1 338 1 706 1 63 0
1 550 0 459 2 309 1
1 736 2 284 3 764 3
2 396 0 970 3 685 3
1 957 0 282 2 124 1
2 308 0 686 0 87 2
1 174 2 910 2 751 1
2 855 3 262 3 712 0
1 397 3 791 2 68 1
2 544 2 560 0 742 2
2 181 0 691 3 86 2
1 189 3 45 0 323 0
1 387 0 998 0 80 1
2 500 2 620 0 617 0
2 711 2 62 1 2 1
1 441 3 866 2 851 0
2 174 0 83 1 168 1
2 600 3 244 0 85 0
2 54 0 394 2 526 0
2 881 1 611 2 325 2
1 528 2 739 2 370 2
2 890 0 16 3 127 1
2 564 1 440 3 226 2
2 104 2 396 1 260 3
2 937 1 20 1 931 3
2 301 2 486 0 838 2
2 965 3 330 1 649 3
1 227 1 885 3 656 1
2 268 1 32 1 478 0
1 762 0 893 3 98 3
2 288 1 346 1 757 1
1 406 0 987 1 813 0
1 821 2 689 1 851 2
1 329 2 20 3 642 1
2 740 0 170 0 582 1
2 339 2 472 1 402 3
1 215 3 102 1 893 0
1 744 2 477 2 992 1
2 987 3 80 3 759 3
1 693 0 445 0 18 1
2 420 0 267 3 764 2
1 657 2 207 2 28 0
1 372 1 401 3 648 2
2 408 1 603 1 205 0
1 223 2 671 3 46 3
1 810 1 359 0 823 2
1 203 2 754 3 487 3
2 136 1 782 0 74 1
2 279 1 539 2 751 3
2 150 2 832 0 163 3
1 338 1 706 1 63 0
1 550 0 459 2 309 1
1 736 2 284 3 764 3
2 241 0 222 0 741 2
2 657 2 352 3 243 1
2 877 2 14 2 688 0
1 206 1 445 2 929 1
1 536 0 339 1 524 2
2 265 0 311 2 715 3
2 310 0 552 3 826 2
1 866 3 534 1 632 3
2 561 0 283 1 588 3
2 112 1 100 1 909 3
2 976 2 605 3 175 1
1 353 0 164 0 203 3
2 187 2 400 0 507 0
1 95 3 833 0 252 1
2 513 1 349 2 771 2
2 298 3 307 0 891 0
1 446 3 221 1 553 1
1 412 1 340 0 372 1
1 624 2 413 2 803 2
1 927 0 461 1 532 0
2 775 0 805 2 819 2
2 725 0 997 1 361 1
2 86 2 769 2 673 3
1 476 1 532 3 366 1
2 250 2 562 1 114 0
2 286 2 511 3 98 0
1 460 2 850 2 116 3
1 789 2 161 2 452 1
2 818 3 706 0 561 1
2 675 1 397 1 383 0
1 482 0 177 2 22 3
1 491 2 152 0 857 1
1 309 3 976 3 806 2
2 719 3 344 2 292 1
1 28 1 736 2 826 1
1 200 0 52 3 347 0
1 204 2 926 1 285 2
1 443 1 595 2 944 3
1 589 1 320 1 90 1
2 916 2 691 1 319 3
1 666 3 836 2 873 3
2 510 1 431 1 306 2
2 251 1 728 0 54 0
2 145 1 992 1 132 3
1 803 2 395 1 429 3
2 655 2 130 1 12 1
2 670 3 642 1 960 2
2 367 3 274 0 932 2
2 416 1 512 3 79 3
1 861 2 787 0 485 1
2 396 0 970 3 685 3
1 957 0 282 2 124 1
2 308 0 686 0 87 2
1 174 2 910 2 751 1
2 855 3 262 3 712 0
1 397 3 791 2 68 1
2 544 2 560 0 742 2
2 181 0 691 3 86 2
1 189 3 45 0 323 0
1 387 0 998 0 80 1
2 500 2 620 0 617 0
2 711 2 62 1 2 1
1 441 3 866 2 851 0
2 174 0 83 1 168 1
2 600 3 244 0 85 0
2 54 0 394 2 526 0
2 881 1 611 2 325 2
1 528 2 739 2 370 2
2 890 0 16 3 127 1
2 564 1 440 3 226 2
2 104 2 396 1 260 3
2 937 1 20 1 931 3
2 301 2 486 0 838 2
2 965 3 330 1 649 3
1 227 1 885 3 656 1
2 268 1 32 1 478 0
1 762 0 893 3 98 3
2 288 1 346 1 757 1
1 406 0 987 1 813 0
1 821 2 689 1 851 2
1 329 2 20 3 642 1
2 740 0 170 0 582 1
2 339 2 472 1 402 3
1 215 3 102 1 893 0
1 744 2 477 2 992 1
2 987 3 80 3 759 3
1 693 0 445 0 18 1
2 420 0 267 3 764 2
1 657 2 207 2 28 0
1 372 1 401 3 648 2
2 408 1 603 1 205 0
1 223 2 671 3 46 3
1 810 1 359 0 823 2
1 203 2 754 3 487 3
2 136 1 782 0 74 1
2 279 1 539 2 751 3
2 150 2 832 0 163 3
1 338 1 706 1 63 0
1 550 0 459 2 309 1
1 736 2 284 3 764 3
2 497 2 208 3 177 3
2 138 1 906 1 48 1
2 981 3 350 1 101 2
2 180 1 713 1 260 1
2 745 2 295 2 305 3
2 482 2 906 0 336 1
2 736 2 902 1 145 1
2 598 3 140 3 589 1
1 849 2 82 2 829 1
1 486 0 301 0 347 0
2 35 1 826 3 71 1
2 568 2 12 3 505 0
1 94 1 470 3 64 0
2 245 1 77 3 922 3
2 621 3 696 0 16 3
2 87 0 620 3 642 0
1 147 0 472 2 494 3
2 910 3 779 3 185 0
1 107 3 289 0 582 2
1 598 1 515 1 465 0
2 107 0 571 2 961 0
1 455 3 738 1 242 1
1 427 1 462 2 17 3
1 951 1 54 2 950 2
2 767 2 336 2 234 0
2 195 0 681 2 699 3
2 941 0 295 1 366 1
2 735 1 574 2 598 0
1 901 2 880 0 312 0
2 899 0 728 2 780 1
2 831 1 520 1 821 0
1 539 1 101 2 434 3
2 385 0 605 2 206 1
1 519 2 201 2 178 1
1 311 3 665 2 224 2
2 45 2 409 1 631 3
2 418 2 580 3 194 2
2 401 3 451 0 373 1
1 552 2 906 3 977 0
2 201 2 273 3 520 2
1 503 1 451 1 84 0
1 278 2 573 3 889 1
2 615 2 345 3 316 0
1 294 0 739 3 342 0
1 862 3 982 1 592 2
2 28 2 419 3 36 1
1 277 2 994 0 752 3
2 68 3 145 2 823 1
1 517 1 8 3 648 3
2 593 1 440 1 947 3
2 396 0 970 3 685 3
1 957 0 282 2 124 1
2 308 0 686 0 87 2
1 174 2 910 2 751 1
2 855 3 262 3 712 0
1 397 3 791 2 68 1
2 544 2 560 0 742 2
2 181 0 691 3 86 2
1 189 3 45 0 323 0
1 387 0 998 0 80 1
2 500 2 620 0 617 0
2 711 2 62 1 2 1
1 441 3 866 2 851 0
2 174 0 83 1 168 1
2 600 3 244 0 85 0
2 54 0 394 2 526 0
2 881 1 611 2 325 2
1 528 2 739 2 370 2
2 890 0 16 3 127 1
2 564 1 440 3 226 2
2 104 2 396 1 260 3
2 937 1 20 1 931 3
2 301 2 486 0 838 2
2 965 3 330 1 649 3
1 227 1 885 3 656 1
2 268 1 32 1 478 0
1 762 0 893 3 98 3
2 288 1 346 1 757 1
1 406 0 987 1 813 0
1 821 2 689 1 851 2
1 329 2 20 3 642 1
2 740 0 170 0 582 1
2 339 2 472 1 402 3
1 215 3 102 1 893 0
1 744 2 477 2 992 1
2 987 3 80 3 759 3
1 693 0 445 0 18 1
2 420 0 267 3 764 2
1 657 2 207 2 28 0
1 372 1 401 3 648 2
2 408 1 603 1 205 0
1 223 2 671 3 46 3
1 810 1 359 0 823 2
1 203 2 754 3 487 3
2 136 1 782 0 74 1
2 279 1 539 2 751 3
2 150 2 832 0 163 3
1 338 1 706 1 63 0
1 550 0 459 2 309 1
1 736 2 284 3 764 3
2 396 0 970 3 685 3
1 957 0 282 2 124 1
2 308 0 686 0 87 2
1 174 2 910 2 751 1
2 855 3 262 3 712 0
1 397 3 791 2 68 1
2 544 2 560 0 742 2
2 181 0 691 3 86 2
1 189 3 45 0 323 0
1 387 0 998 0 80 1
2 500 2 620 0 617 0
2 711 2 62 1 2 1
1 441 3 866 2 851 0
2 174 0 83 1 168 1
2 600 3 244 0 85 0
2 54 0 394 2 526 0
2 881 1 611 2 325 2
1 528 2 739 2 370 2
2 890 0 16 3 127 1
2 564 1 440 3 226 2
2 104 2 396 1 260 3
2 937 1 20 1 931 3
2 301 2 486 0 838 2
2 965 3 330 1 649 3
1 227 1 885 3 656 1
2 268 1 32 1 478 0
1 762 0 893 3 98 3
2 288 1 346 1 757 1
1 406 0 987 1 813 0
1 821 2 689 1 851 2
1 329 2 20 3 642 1
2 740 0 170 0 582 1
2 339 2 472 1 402 3
1 215 3 102 1 893 0
1 744 2 477 2 992 1
2 987 3 80 3 759 3
1 693 0 445 0 18 1
2 420 0 267 3 764 2
1 657 2 207 2 28 0
1 372 1 401 3 648 2
2 408 1 603 1 205 0
1 223 2 671 3 46 3
1 810 1 359 0 823 2
1 203 2 754 3 487 3
2 136 1 782 0 74 1
2 279 1 539 2 751 3
2 150 2 832 0 163 3
1 338 1 706 1 63 0
1 550 0 459 2 309 1
1 736 2 284 3 764 3
2 396 0 970 3 685 3
1 957 0 282 2 124 1
2 308 0 686 0 87 2
1 174 2 910 2 751 1
2 855 3 262 3 712 0
1 397 3 791 2 68 1
2 544 2 560 0 742 2
2 181 0 691 3 86 2
1 189 3 45 0 323 0
1 387 0 998 0 80 1
2 500 2 620 0 617 0
2 711 2 62 1 2 1
1 441 3 866 2 851 0
2 174 0 83 1 168 1
2 600 3 244 0 85 0
2 54 0 394 2 526 0
2 881 1 611 2 325 2
1 528 2 739 2 370 2
2 890 0 16 3 127 1
2 564 1 440 3 226 2
2 104 2 396 1 260 3
2 937 1 20 1 931 3
2 301 2 486 0 838 2
2 965 3 330 1 649 3
1 227 1 885 3 656 1
2 268 1 32 1 478 0
1 762 0 893 3 98 3
2 288 1 346 1 757 1
1 406 0 987 1 813 0
1 821 2 689 1 851 2
1 329 2 20 3 642 1
2 740 0 170 0 582 1
2 339 2 472 1 402 3
1 215 3 102 1 893 0
1 744 2 477 2 992 1
2 987 3 80 3 759 3
1 693 0 445 0 18 1
2 420 0 267 3 764 2
1 657 2 207 2 28 0
1 372 1 401 3 648 2
2 408 1 603 1 205 0
1 223 2 671 3 46 3
1 810 1 359 0 823 2
1 203 2 754 3 487 3
2 136 1 782 0 74 1
2 279 1 539 2 751 3
2 150 2 832 0 163 3
1 338 1 706 1 63 0
1 550 0 459 2 309 1
1 736 2 284 3 764 3
2 396 0 970 3 685 3
1 957 0 282 2 124 1
2 308 0 686 0 87 2
1 174 2 910 2 751 1
2 855 3 262 3 712 0
1 397 3 791 2 68 1
2 544 2 560 0 742 2
2 181 0 691 3 86 2
1 189 3 45 0 323 0
1 387 0 998 0 80 1
2 500 2 620 0 617 0
2 711 2 62 1 2 1
1 441 3 866 2 851 0
2 174 0 83 1 168 1
2 600 3 244 0 85 0
2 54 0 394 2 526 0
2 881 1 611 2 325 2
1 528 2 739 2 370 2
2 890 0 16 3 127 1
2 564 1 440 3 226 2
2 104 2 396 1 260 3
2 937 1 20 1 931 3
2 301 2 486 0 838 2
2 965 3 330 1 649 3
1 227 1 885 3 656 1
2 268 1 32 1 478 0
1 762 0 893 3 98 3
2 288 1 346 1 757 1
1 406 0 987 1 813 0
1 821 2 689 1 851 2
1 329 2 20 3 642 1
2 740 0 170 0 582 1
2 339 2 472 1 402 3
1 215 3 102 1 893 0
1 744 2 477 2 992 1
2 987 3 80 3 759 3
1 693 0 445 0 18 1
2 420 0 267 3 764 2
1 657 2 207 2 28 0
1 372 1 401 3 648 2
2 408 1 603 1 205 0
1 223 2 671 3 46 3
1 810 1 359 0 823 2
1 203 2 754 3 487 3
2 136 1 782 0 74 1
2 279 1 539 2 751 3
2 150 2 832 0 163 3
1 338 1 706 1 63 0
1 550 0 459 2 309 1
1 736 2 284 3 764 3
2 396 0 970 3 685 3
1 957 0 282 2 124 1
2 308 0 686 0 87 2
1 174 2 910 2 751 1
2 855 3 262 3 712 0
1 397 3 791 2 68 1
2 544 2 560 0 742 2
2 181 0 691 3 86 2
1 189 3 45 0 323 0
1 387 0 998 0 80 1
2 500 2 620 0 617 0
2 711 2 62 1 2 1
1 441 3 866 2 851 0
2 174 0 83 1 168 1
2 600 3 244 0 85 0
2 54 0 394 2 526 0
2 881 1 611 2 325 2
1 528 2 739 2 370 2
2 890 0 16 3 127 1
2 564 1 440 3 226 2
2 104 2 396 1 260 3
2 937 1 20 1 931 3
2 301 2 486 0 838 2
2 965 3 330 1 649 3
1 227 1 885 3 656 1
2 268 1 32 1 478 0
1 762 0 893 3 98 3
2 288 1 346 1 757 1
1 406 0 987 1 813 0
1 821 2 689 1 851 2
1 329 2 20 3 642 1
2 740 0 170 0 582 1
2 339 2 472 1 402 3
1 215 3 102 1 893 0
1 744 2 477 2 992 1
2 987 3 80 3 759 3
1 693 0 445 0 18 1
2 420 0 267 3 764 2
1 657 2 207 2 28 0
1 372 1 401 3 648 2
2 408 1 603 1 205 0
1 223 2 671 3 46 3
1 810 1 359 0 823 2
1 203 2 754 3 487 3
2 136 1 782 0 74 1
2 279 1 539 2 751 3
2 150 2 832 0 163 3
1 338 1 706 1 63 0
1 550 0 459 2 309 1
1 736 2 284 3 764 3
2 396 0 970 3 685 3
1 957 0 282 2 124 1
2 308 0 686 0 87 2
1 174 2 910 2 751 1
2 855 3 262 3 712 0
1 397 3 791 2 68 1
2 544 2 560 0 742 2
2 181 0 691 3 86 2
1 189 3 45 0 323 0
1 387 0 998 0 80 1
2 500 2 620 0 617 0
2 711 2 62 1 2 1
1 441 3 866 2 851 0
2 174 0 83 1 168 1
2 600 3 244 0 85 0
2 54 0 394 2 526 0
2 881 1 611 2 325 2
1 528 2 739 2 370 2
2 890 0 16 3 127 1
2 564 1 440 3 226 2
2 104 2 396 1 260 3
2 937 1 20 1 931 3
2 301 2 486 0 838 2
2 965 3 330 1 649 3
1 227 1 885 3 656 1
2 268 1 32 1 478 0
1 762 0 893 3 98 3
2 288 1 346 1 757 1
1 406 0 987 1 813 0
1 821 2 689 1 851 2
1 329 2 20 3 642 1
2 740 0 170 0 582 1
2 339 2 472 1 402 3
1 215 3 102 1 893 0
1 744 2 477 2 992 1
2 987 3 80 3 759 3
1 693 0 445 0 18 1
2 420 0 267 3 764 2
1 657 2 207 2 28 0
1 372 1 401 3 648 2
2 408 1 603 1 205 0
1 223 2 671 3 46 3
1 810 1 359 0 823 2
1 203 2 754 3 487 3
2 136 1 782 0 74 1
2 279 1 539 2 751 3
2 150 2 832 0 163 3
1 338 1 706 1 63 0
1 550 0 459 2 309 1
1 736 2 284 3 764 3
1 983 0 619 0 574 1
2 326 0 620 3 952 2
2 127 3 375 1 308 0
1 957 3 177 2 504 1
2 451 1 804 2 33 3
1 608 0 607 2 396 0
2 700 2 199 0 757 2
2 65 2 905 2 685 3
1 541 0 448 0 881 0
1 915 3 881 3 767 0
2 515 0 899 0 822 2
1 579 0 221 1 983 2
2 20 1 944 2 614 0
1 847 0 37 2 23 2
2 142 2 503 1 883 2
2 705 0 621 1 228 2
1 563 1 301 0 882 1
1 848 1 52 0 337 1
1 712 3 800 2 822 3
1 705 1 441 2 613 3
2 841 1 33 1 578 3
2 813 0 487 1 978 3
2 667 1 520 0 340 0
1 162 3 154 3 384 0
1 349 3 85 2 268 3
2 199 2 288 0 146 3
2 124 3 87 0 648 3
1 988 3 462 3 254 1
1 638 1 760 3 576 2
2 844 1 829 3 531 1
2 677 1 785 2 264 0
1 912 3 174 0 758 0
2 364 1 182 2 522 2
2 98 0 222 3 161 3
1 692 1 450 2 470 3
1 86 3 526 2 642 0
1 752 0 358 0 998 0
1 872 2 163 3 327 1
1 488 1 660 1 366 2
2 836 1 483 2 212 1
1 206 1 874 2 805 0
1 155 0 600 0 311 3
2 638 1 321 2 994 1
2 360 0 618 0 549 1
1 762 2 446 0 579 0
2 385 1 761 0 381 2
1 44 1 623 2 330 0
2 324 2 228 0 778 3
1 327 0 406 1 819 0
1 750 1 97 3 430 2
2 396 0 970 3 685 3
1 957 0 282 2 124 1
2 308 0 686 0 87 2
1 174 2 910 2 751 1
2 855 3 262 3 712 0
1 397 3 791 2 68 1
2 544 2 560 0 742 2
2 181 0 691 3 86 2
1 189 3 45 0 323 0
1 387 0 998 0 80 1
2 500 2 620 0 617 0
2 711 2 62 1 2 1
1 441 3 866 2 851 0
2 174 0 83 1 168 1
2 600 3 244 0 85 0
2 54 0 394 2 526 0
2 881 1 611 2 325 2
1 528 2 739 2 370 2
2 890 0 16 3 127 1
2 564 1 440 3 226 2
2 104 2 396 1 260 3
2 937 1 20 1 931 3
2 301 2 486 0 838 2
2 965 3 330 1 649 3
1 227 1 885 3 656 1
2 268 1 32 1 478 0
1 762 0 893 3 98 3
2 288 1 346 1 757 1
1 406 0 987 1 813 0
1 821 2 689 1 851 2
1 329 2 20 3 642 1
2 740 0 170 0 582 1
2 339 2 472 1 402 3
1 215 3 102 1 893 0
1 744 2 477 2 992 1
2 987 3 80 3 759 3
1 693 0 445 0 18 1
2 420 0 267 3 764 2
1 657 2 207 2 28 0
1 372 1 401 3 648 2
2 408 1 603 1 205 0
1 223 2 671 3 46 3
1 810 1 359 0 823 2
1 203 2 754 3 487 3
2 136 1 782 0 74 1
2 279 1 539 2 751 3
2 150 2 832 0 163 3
1 338 1 706 1 63 0
1 550 0 459 2 309 1
-1 736 2 284 3 764 3
